The first number a_0 can be always (0, 1,..., n-1)

n: 8, p: 2
  (1, 3), (0, 2, 4, 6)

n: 8, p: 3
  (1, 3), (0, 2, 4, 6), (0, 2)

n: 8, p: 4
  (1), (0, 2, 4, 6), (0, 2), (0)
  (1), (1, 3, 5, 7), (0, 2), (1)


n: 16, p: 2:
  (1, 3,..., 15), (0, 2,..., 14)

n: 16, p: 3:
  (1, 3,..., 15), (0, 2,..., 14), (0, 2, 4, 6)

n: 16, p: 4:
  (1, 3,..., 15), (0, 2,..., 14), (0, 2, 4, 6), (0, 2)
  (1, 3,..., 15), (1, 3,..., 15), (0, 2, 4, 6), (1, 3)

n: 16, p: 5:
  (1, 3,..., 15), (0, 2,..., 14), (0, 2, 4, 6), (0, 2), (0)
  (1, 3,..., 15), (0, 2,..., 14), (1, 3, 5, 7), (0, 2), (1)
  (1, 3,..., 15), (1, 3,..., 15), (0, 2, 4, 6), (1, 3), (0)
  (1, 3,..., 15), (1, 3,..., 15), (1, 3, 5, 7), (1, 3), (1)


n: 32, p: 2:
  (1, 3,..., 31), (0, 2,..., 30)

n: 32, p: 3:
  (1, 3,..., 31), (0, 2,..., 30), (0, 2,..., 14)

n: 32, p: 4
  (1, 3,..., 31), (0, 2,..., 30), (0, 2,..., 14), (0, 2, 4, 6)
  (1, 3,..., 31), (1, 3,..., 31), (0, 2,..., 14), (1, 3, 5, 7)

n: 32, p: 5
  (1, 3,..., 31), (0, 2,..., 30), (0, 2,..., 14), (0, 2, 4, 6), (0, 2)
  (1, 3,..., 31), (0, 2,..., 30), (1, 3,..., 15), (0, 2, 4, 6), (1, 3)
  (1, 3,..., 31), (1, 3,..., 31), (0, 2,..., 14), (1, 3, 5, 7), (0, 2)
  (1, 3,..., 31), (1, 3,..., 31), (1, 3,..., 15), (1, 3, 5, 7), (1, 3)
