A:
[[2 2 3 1]
 [1 6 0 0]
 [5 2 5 5]
 [2 3 2 6]]
B:
[[1 6 0 5]
 [5 3 1 6]
 [0 1 1 1]
 [3 1 6 6]]
length_max: 2400
i: 1, A_lengths:
[[  57   42  342  342]
 [  24  300   42   38]
 [  48 2400  114  342]
 [  48   16  600  168]]
i: 2, A_lengths:
[[ 342 2400 1200 1200]
 [ 342  342   48   24]
 [   3  171  342  342]
 [ 171  240   48  114]]
i: 3, A_lengths:
[[112 160 342 342]
 [ 57  48  48  48]
 [ 48  48 171 342]
 [ 18 200  48 800]]
i: 4, A_lengths:
[[ 114  342   48  114]
 [ 342    6  480  480]
 [ 342   24  600 2400]
 [ 342   48   24    6]]
i: 5, A_lengths:
[[ 171  171   75  168]
 [  57   16   48  171]
 [ 800  114   48   24]
 [1200   84   48   48]]
i: 6, A_lengths:
[[ 114   48   21   38]
 [ 114   57   48  800]
 [ 171  100   24 2400]
 [ 160  342  114  300]]
