f0|9x9:3,4,7,0,0,0,5,2,1;0,9,0,0,0,0,0,3,0;0,0,2,0,0,0,0,0,4;0,1,0,0,5,0,0,6,0;6,5,4,0,0,0,0,0,2;0,0,0,0,8,0,7,0,0;0,0,0,9,1,0,0,0,6;0,2,0,0,4,0,0,7,0;1,0,5,0,6,7,9,0,3
f0s0|3,4,7,8,9,6,5,2,1;8,9,1,4,2,5,6,3,7;5,6,2,7,3,1,8,9,4;7,1,8,3,5,2,4,6,9;6,5,4,1,7,9,3,8,2;2,3,9,6,8,4,7,1,5;4,7,3,9,1,8,2,5,6;9,2,6,5,4,3,1,7,8;1,8,5,2,6,7,9,4,3
Found 1 so far.
f1|9x9:3,4,0,0,0,0,5,2,1;0,9,0,0,0,0,0,3,0;0,0,2,0,0,0,0,0,4;0,1,0,0,5,0,0,6,0;6,5,4,0,0,0,0,0,2;0,0,0,0,8,0,7,0,0;0,0,0,9,1,0,0,0,6;0,2,0,0,4,0,0,7,0;1,0,5,0,6,7,9,0,3
f1s0|3,4,7,8,9,6,5,2,1;8,9,1,4,2,5,6,3,7;5,6,2,7,3,1,8,9,4;7,1,8,3,5,2,4,6,9;6,5,4,1,7,9,3,8,2;2,3,9,6,8,4,7,1,5;4,7,3,9,1,8,2,5,6;9,2,6,5,4,3,1,7,8;1,8,5,2,6,7,9,4,3
f1s1|3,4,8,6,7,9,5,2,1;5,9,1,8,2,4,6,3,7;7,6,2,1,3,5,8,9,4;8,1,7,3,5,2,4,6,9;6,5,4,7,9,1,3,8,2;2,3,9,4,8,6,7,1,5;4,7,3,9,1,8,2,5,6;9,2,6,5,4,3,1,7,8;1,8,5,2,6,7,9,4,3
Found 2 so far.
f2|9x9:3,4,7,0,0,0,5,2,1;0,9,0,0,0,0,0,3,0;0,0,2,0,0,0,0,0,4;0,1,0,0,5,0,0,6,0;6,5,4,0,0,0,0,0,2;0,0,0,0,8,0,0,0,0;0,0,0,9,1,0,0,0,6;0,2,0,0,4,0,0,7,0;1,0,5,0,6,7,9,0,3
f2s0|3,4,7,6,9,8,5,2,1;5,9,1,7,2,4,6,3,8;8,6,2,5,3,1,7,9,4;7,1,8,4,5,2,3,6,9;6,5,4,3,7,9,8,1,2;2,3,9,1,8,6,4,5,7;4,7,3,9,1,5,2,8,6;9,2,6,8,4,3,1,7,5;1,8,5,2,6,7,9,4,3
f2s1|3,4,7,8,9,6,5,2,1;8,9,1,5,2,4,6,3,7;5,6,2,7,3,1,8,9,4;2,1,8,4,5,3,7,6,9;6,5,4,1,7,9,3,8,2;7,3,9,6,8,2,4,1,5;4,7,3,9,1,8,2,5,6;9,2,6,3,4,5,1,7,8;1,8,5,2,6,7,9,4,3
f2s2|3,4,7,8,9,6,5,2,1;8,9,1,4,2,5,6,3,7;5,6,2,7,3,1,8,9,4;2,1,8,3,5,4,7,6,9;6,5,4,1,7,9,3,8,2;7,3,9,6,8,2,4,1,5;4,7,3,9,1,8,2,5,6;9,2,6,5,4,3,1,7,8;1,8,5,2,6,7,9,4,3
f2s3|3,4,7,8,9,6,5,2,1;8,9,1,4,2,5,6,3,7;5,6,2,3,7,1,8,9,4;2,1,8,7,5,4,3,6,9;6,5,4,1,3,9,7,8,2;7,3,9,6,8,2,4,1,5;4,7,3,9,1,8,2,5,6;9,2,6,5,4,3,1,7,8;1,8,5,2,6,7,9,4,3
f2s4|3,4,7,8,9,6,5,2,1;8,9,1,4,2,5,6,3,7;5,6,2,7,3,1,8,9,4;7,1,8,3,5,2,4,6,9;6,5,4,1,7,9,3,8,2;2,3,9,6,8,4,7,1,5;4,7,3,9,1,8,2,5,6;9,2,6,5,4,3,1,7,8;1,8,5,2,6,7,9,4,3
Found 5 so far.
f3|9x9:3,4,7,7,0,0,5,2,1;0,9,0,0,0,0,0,3,0;0,0,2,0,0,0,0,0,4;0,1,0,0,5,0,0,6,0;6,5,4,0,0,0,0,0,2;0,0,0,0,8,0,0,0,0;0,0,0,9,1,0,0,0,6;0,2,0,0,4,0,0,7,0;1,0,5,0,6,7,9,0,3
NOT SOLVABLE
f4|9x9:3,4,7,0,0,0,5,2,1;7,9,0,0,0,0,0,3,0;0,0,2,0,0,0,0,0,4;0,1,0,0,5,0,0,6,0;6,5,4,0,0,0,0,0,2;0,0,0,0,8,0,7,0,0;0,0,0,9,1,0,0,0,6;0,2,0,0,4,0,0,7,0;1,0,5,0,6,7,9,0,3
NOT SOLVABLE
f5|99:3,4,7,0,0,0,5,2,1;7,9,0,0,0,0,0,3,0;0,0,2,0,0,0,0,0,4;0,1,0,0,5,0,0,6,0;6,5,4,0,0,0,0,0,2;0,0,0,0,8,0,7,0,0;0,0,0,9,1,0,0,0,6;0,2,0,0,4,0,0,7,0;1,0,5,0,6,7,9,0,3
INVALID INPUT
f6|9x93,4,7,0,0,0,5,2,1;7,9,0,0,0,0,0,3,0;0,0,2,0,0,0,0,0,4;0,1,0,0,5,0,0,6,0;6,5,4,0,0,0,0,0,2;0,0,0,0,8,0,7,0,0;0,0,0,9,1,0,0,0,6;0,2,0,0,4,0,0,7,0;1,0,5,0,6,7,9,0,3
INVALID INPUT
f7|9x9:3,4,7,0,0,0,5,2,1;7,9,0,0,0,0,0,3,0;0,0,2,0,0,0,0,0,4;0,1,0,0,5,0,0,6,0;6,5,4,0,0,0,0,0,2;0,0,0,0,8,0,7,0,0;0,0,0,9,1,0,0,0,6;0,2,0,0,4,0,0,7,0;1,0,5,0,6,7,9,0
INVALID INPUT
f8|9x9:3,4,7,0,0,0,5,2,1;7,9,0,0,0,0,0,3,0;0,0,2,0,0,0,0,0,4;0,1,0,0,5,0,0,6,0;6,5,4,0,0,0,0,0,2;0,0,0,0,8,0,7,0,0;0,0,0,9,1,0,0,0,6;0,2,0,0,4,0,0,7,01,0,5,0,6,7,9,0,3
INVALID INPUT
