p cnf 336 3584
1 2 3 4 5 6 0
-1 -2 0
-1 -3 0
-1 -4 0
-1 -5 0
-1 -6 0
-2 -3 0
-2 -4 0
-2 -5 0
-2 -6 0
-3 -4 0
-3 -5 0
-3 -6 0
-4 -5 0
-4 -6 0
-5 -6 0
7 8 9 10 11 12 0
-7 -8 0
-7 -9 0
-7 -10 0
-7 -11 0
-7 -12 0
-8 -9 0
-8 -10 0
-8 -11 0
-8 -12 0
-9 -10 0
-9 -11 0
-9 -12 0
-10 -11 0
-10 -12 0
-11 -12 0
13 14 15 16 17 18 0
-13 -14 0
-13 -15 0
-13 -16 0
-13 -17 0
-13 -18 0
-14 -15 0
-14 -16 0
-14 -17 0
-14 -18 0
-15 -16 0
-15 -17 0
-15 -18 0
-16 -17 0
-16 -18 0
-17 -18 0
19 20 21 22 23 24 0
-19 -20 0
-19 -21 0
-19 -22 0
-19 -23 0
-19 -24 0
-20 -21 0
-20 -22 0
-20 -23 0
-20 -24 0
-21 -22 0
-21 -23 0
-21 -24 0
-22 -23 0
-22 -24 0
-23 -24 0
25 26 27 28 29 30 0
-25 -26 0
-25 -27 0
-25 -28 0
-25 -29 0
-25 -30 0
-26 -27 0
-26 -28 0
-26 -29 0
-26 -30 0
-27 -28 0
-27 -29 0
-27 -30 0
-28 -29 0
-28 -30 0
-29 -30 0
31 32 33 34 35 36 0
-31 -32 0
-31 -33 0
-31 -34 0
-31 -35 0
-31 -36 0
-32 -33 0
-32 -34 0
-32 -35 0
-32 -36 0
-33 -34 0
-33 -35 0
-33 -36 0
-34 -35 0
-34 -36 0
-35 -36 0
37 38 39 40 41 42 0
-37 -38 0
-37 -39 0
-37 -40 0
-37 -41 0
-37 -42 0
-38 -39 0
-38 -40 0
-38 -41 0
-38 -42 0
-39 -40 0
-39 -41 0
-39 -42 0
-40 -41 0
-40 -42 0
-41 -42 0
43 44 45 46 47 48 0
-43 -44 0
-43 -45 0
-43 -46 0
-43 -47 0
-43 -48 0
-44 -45 0
-44 -46 0
-44 -47 0
-44 -48 0
-45 -46 0
-45 -47 0
-45 -48 0
-46 -47 0
-46 -48 0
-47 -48 0
49 50 51 52 53 54 0
-49 -50 0
-49 -51 0
-49 -52 0
-49 -53 0
-49 -54 0
-50 -51 0
-50 -52 0
-50 -53 0
-50 -54 0
-51 -52 0
-51 -53 0
-51 -54 0
-52 -53 0
-52 -54 0
-53 -54 0
55 56 57 58 59 60 0
-55 -56 0
-55 -57 0
-55 -58 0
-55 -59 0
-55 -60 0
-56 -57 0
-56 -58 0
-56 -59 0
-56 -60 0
-57 -58 0
-57 -59 0
-57 -60 0
-58 -59 0
-58 -60 0
-59 -60 0
61 62 63 64 65 66 0
-61 -62 0
-61 -63 0
-61 -64 0
-61 -65 0
-61 -66 0
-62 -63 0
-62 -64 0
-62 -65 0
-62 -66 0
-63 -64 0
-63 -65 0
-63 -66 0
-64 -65 0
-64 -66 0
-65 -66 0
67 68 69 70 71 72 0
-67 -68 0
-67 -69 0
-67 -70 0
-67 -71 0
-67 -72 0
-68 -69 0
-68 -70 0
-68 -71 0
-68 -72 0
-69 -70 0
-69 -71 0
-69 -72 0
-70 -71 0
-70 -72 0
-71 -72 0
73 74 75 76 77 78 0
-73 -74 0
-73 -75 0
-73 -76 0
-73 -77 0
-73 -78 0
-74 -75 0
-74 -76 0
-74 -77 0
-74 -78 0
-75 -76 0
-75 -77 0
-75 -78 0
-76 -77 0
-76 -78 0
-77 -78 0
79 80 81 82 83 84 0
-79 -80 0
-79 -81 0
-79 -82 0
-79 -83 0
-79 -84 0
-80 -81 0
-80 -82 0
-80 -83 0
-80 -84 0
-81 -82 0
-81 -83 0
-81 -84 0
-82 -83 0
-82 -84 0
-83 -84 0
85 86 87 88 89 90 0
-85 -86 0
-85 -87 0
-85 -88 0
-85 -89 0
-85 -90 0
-86 -87 0
-86 -88 0
-86 -89 0
-86 -90 0
-87 -88 0
-87 -89 0
-87 -90 0
-88 -89 0
-88 -90 0
-89 -90 0
91 92 93 94 95 96 0
-91 -92 0
-91 -93 0
-91 -94 0
-91 -95 0
-91 -96 0
-92 -93 0
-92 -94 0
-92 -95 0
-92 -96 0
-93 -94 0
-93 -95 0
-93 -96 0
-94 -95 0
-94 -96 0
-95 -96 0
97 98 99 100 101 102 0
-97 -98 0
-97 -99 0
-97 -100 0
-97 -101 0
-97 -102 0
-98 -99 0
-98 -100 0
-98 -101 0
-98 -102 0
-99 -100 0
-99 -101 0
-99 -102 0
-100 -101 0
-100 -102 0
-101 -102 0
103 104 105 106 107 108 0
-103 -104 0
-103 -105 0
-103 -106 0
-103 -107 0
-103 -108 0
-104 -105 0
-104 -106 0
-104 -107 0
-104 -108 0
-105 -106 0
-105 -107 0
-105 -108 0
-106 -107 0
-106 -108 0
-107 -108 0
109 110 111 112 113 114 0
-109 -110 0
-109 -111 0
-109 -112 0
-109 -113 0
-109 -114 0
-110 -111 0
-110 -112 0
-110 -113 0
-110 -114 0
-111 -112 0
-111 -113 0
-111 -114 0
-112 -113 0
-112 -114 0
-113 -114 0
115 116 117 118 119 120 0
-115 -116 0
-115 -117 0
-115 -118 0
-115 -119 0
-115 -120 0
-116 -117 0
-116 -118 0
-116 -119 0
-116 -120 0
-117 -118 0
-117 -119 0
-117 -120 0
-118 -119 0
-118 -120 0
-119 -120 0
121 122 123 124 125 126 0
-121 -122 0
-121 -123 0
-121 -124 0
-121 -125 0
-121 -126 0
-122 -123 0
-122 -124 0
-122 -125 0
-122 -126 0
-123 -124 0
-123 -125 0
-123 -126 0
-124 -125 0
-124 -126 0
-125 -126 0
127 128 129 130 131 132 0
-127 -128 0
-127 -129 0
-127 -130 0
-127 -131 0
-127 -132 0
-128 -129 0
-128 -130 0
-128 -131 0
-128 -132 0
-129 -130 0
-129 -131 0
-129 -132 0
-130 -131 0
-130 -132 0
-131 -132 0
133 134 135 136 137 138 0
-133 -134 0
-133 -135 0
-133 -136 0
-133 -137 0
-133 -138 0
-134 -135 0
-134 -136 0
-134 -137 0
-134 -138 0
-135 -136 0
-135 -137 0
-135 -138 0
-136 -137 0
-136 -138 0
-137 -138 0
139 140 141 142 143 144 0
-139 -140 0
-139 -141 0
-139 -142 0
-139 -143 0
-139 -144 0
-140 -141 0
-140 -142 0
-140 -143 0
-140 -144 0
-141 -142 0
-141 -143 0
-141 -144 0
-142 -143 0
-142 -144 0
-143 -144 0
-1 -7 0
-13 -19 0
-1 -13 0
-7 -19 0
-1 -19 0
-7 -13 0
-2 -8 0
-14 -20 0
-2 -14 0
-8 -20 0
-2 -20 0
-8 -14 0
-3 -9 0
-15 -21 0
-3 -15 0
-9 -21 0
-3 -21 0
-9 -15 0
-4 -10 0
-16 -22 0
-4 -16 0
-10 -22 0
-4 -22 0
-10 -16 0
-5 -11 0
-17 -23 0
-5 -17 0
-11 -23 0
-5 -23 0
-11 -17 0
-6 -12 0
-18 -24 0
-6 -18 0
-12 -24 0
-6 -24 0
-12 -18 0
-25 -31 0
-37 -43 0
-25 -37 0
-31 -43 0
-25 -43 0
-31 -37 0
-26 -32 0
-38 -44 0
-26 -38 0
-32 -44 0
-26 -44 0
-32 -38 0
-27 -33 0
-39 -45 0
-27 -39 0
-33 -45 0
-27 -45 0
-33 -39 0
-28 -34 0
-40 -46 0
-28 -40 0
-34 -46 0
-28 -46 0
-34 -40 0
-29 -35 0
-41 -47 0
-29 -41 0
-35 -47 0
-29 -47 0
-35 -41 0
-30 -36 0
-42 -48 0
-30 -42 0
-36 -48 0
-30 -48 0
-36 -42 0
-49 -55 0
-61 -67 0
-49 -61 0
-55 -67 0
-49 -67 0
-55 -61 0
-50 -56 0
-62 -68 0
-50 -62 0
-56 -68 0
-50 -68 0
-56 -62 0
-51 -57 0
-63 -69 0
-51 -63 0
-57 -69 0
-51 -69 0
-57 -63 0
-52 -58 0
-64 -70 0
-52 -64 0
-58 -70 0
-52 -70 0
-58 -64 0
-53 -59 0
-65 -71 0
-53 -65 0
-59 -71 0
-53 -71 0
-59 -65 0
-54 -60 0
-66 -72 0
-54 -66 0
-60 -72 0
-54 -72 0
-60 -66 0
-73 -79 0
-85 -91 0
-73 -85 0
-79 -91 0
-73 -91 0
-79 -85 0
-74 -80 0
-86 -92 0
-74 -86 0
-80 -92 0
-74 -92 0
-80 -86 0
-75 -81 0
-87 -93 0
-75 -87 0
-81 -93 0
-75 -93 0
-81 -87 0
-76 -82 0
-88 -94 0
-76 -88 0
-82 -94 0
-76 -94 0
-82 -88 0
-77 -83 0
-89 -95 0
-77 -89 0
-83 -95 0
-77 -95 0
-83 -89 0
-78 -84 0
-90 -96 0
-78 -90 0
-84 -96 0
-78 -96 0
-84 -90 0
-97 -103 0
-109 -115 0
-97 -109 0
-103 -115 0
-97 -115 0
-103 -109 0
-98 -104 0
-110 -116 0
-98 -110 0
-104 -116 0
-98 -116 0
-104 -110 0
-99 -105 0
-111 -117 0
-99 -111 0
-105 -117 0
-99 -117 0
-105 -111 0
-100 -106 0
-112 -118 0
-100 -112 0
-106 -118 0
-100 -118 0
-106 -112 0
-101 -107 0
-113 -119 0
-101 -113 0
-107 -119 0
-101 -119 0
-107 -113 0
-102 -108 0
-114 -120 0
-102 -114 0
-108 -120 0
-102 -120 0
-108 -114 0
-121 -127 0
-133 -139 0
-121 -133 0
-127 -139 0
-121 -139 0
-127 -133 0
-122 -128 0
-134 -140 0
-122 -134 0
-128 -140 0
-122 -140 0
-128 -134 0
-123 -129 0
-135 -141 0
-123 -135 0
-129 -141 0
-123 -141 0
-129 -135 0
-124 -130 0
-136 -142 0
-124 -136 0
-130 -142 0
-124 -142 0
-130 -136 0
-125 -131 0
-137 -143 0
-125 -137 0
-131 -143 0
-125 -143 0
-131 -137 0
-126 -132 0
-138 -144 0
-126 -138 0
-132 -144 0
-126 -144 0
-132 -138 0
-1 -88 -132 145 0
1 -145 0
88 -145 0
132 -145 0
-85 -130 -6 146 0
85 -146 0
130 -146 0
6 -146 0
-127 -4 -90 147 0
127 -147 0
4 -147 0
90 -147 0
-7 -100 -96 148 0
7 -148 0
100 -148 0
96 -148 0
-97 -94 -12 149 0
97 -149 0
94 -149 0
12 -149 0
-91 -10 -102 150 0
91 -150 0
10 -150 0
102 -150 0
-19 -58 -114 151 0
19 -151 0
58 -151 0
114 -151 0
-55 -112 -24 152 0
55 -152 0
112 -152 0
24 -152 0
-109 -22 -60 153 0
109 -153 0
22 -153 0
60 -153 0
-13 -142 -54 154 0
13 -154 0
142 -154 0
54 -154 0
-139 -52 -18 155 0
139 -155 0
52 -155 0
18 -155 0
-49 -16 -144 156 0
49 -156 0
16 -156 0
144 -156 0
-25 -64 -138 157 0
25 -157 0
64 -157 0
138 -157 0
-61 -136 -30 158 0
61 -158 0
136 -158 0
30 -158 0
-133 -28 -66 159 0
133 -159 0
28 -159 0
66 -159 0
-31 -118 -72 160 0
31 -160 0
118 -160 0
72 -160 0
-115 -70 -36 161 0
115 -161 0
70 -161 0
36 -161 0
-67 -34 -120 162 0
67 -162 0
34 -162 0
120 -162 0
-43 -82 -108 163 0
43 -163 0
82 -163 0
108 -163 0
-79 -106 -48 164 0
79 -164 0
106 -164 0
48 -164 0
-103 -46 -84 165 0
103 -165 0
46 -165 0
84 -165 0
-37 -124 -78 166 0
37 -166 0
124 -166 0
78 -166 0
-121 -76 -42 167 0
121 -167 0
76 -167 0
42 -167 0
-73 -40 -126 168 0
73 -168 0
40 -168 0
126 -168 0
145 146 147 148 149 150 151 152 153 154 155 156 157 158 159 160 161 162 163 164 165 166 167 168 0
-145 -146 0
-145 -147 0
-145 -148 0
-145 -149 0
-145 -150 0
-145 -151 0
-145 -152 0
-145 -153 0
-145 -154 0
-145 -155 0
-145 -156 0
-145 -157 0
-145 -158 0
-145 -159 0
-145 -160 0
-145 -161 0
-145 -162 0
-145 -163 0
-145 -164 0
-145 -165 0
-145 -166 0
-145 -167 0
-145 -168 0
-146 -147 0
-146 -148 0
-146 -149 0
-146 -150 0
-146 -151 0
-146 -152 0
-146 -153 0
-146 -154 0
-146 -155 0
-146 -156 0
-146 -157 0
-146 -158 0
-146 -159 0
-146 -160 0
-146 -161 0
-146 -162 0
-146 -163 0
-146 -164 0
-146 -165 0
-146 -166 0
-146 -167 0
-146 -168 0
-147 -148 0
-147 -149 0
-147 -150 0
-147 -151 0
-147 -152 0
-147 -153 0
-147 -154 0
-147 -155 0
-147 -156 0
-147 -157 0
-147 -158 0
-147 -159 0
-147 -160 0
-147 -161 0
-147 -162 0
-147 -163 0
-147 -164 0
-147 -165 0
-147 -166 0
-147 -167 0
-147 -168 0
-148 -149 0
-148 -150 0
-148 -151 0
-148 -152 0
-148 -153 0
-148 -154 0
-148 -155 0
-148 -156 0
-148 -157 0
-148 -158 0
-148 -159 0
-148 -160 0
-148 -161 0
-148 -162 0
-148 -163 0
-148 -164 0
-148 -165 0
-148 -166 0
-148 -167 0
-148 -168 0
-149 -150 0
-149 -151 0
-149 -152 0
-149 -153 0
-149 -154 0
-149 -155 0
-149 -156 0
-149 -157 0
-149 -158 0
-149 -159 0
-149 -160 0
-149 -161 0
-149 -162 0
-149 -163 0
-149 -164 0
-149 -165 0
-149 -166 0
-149 -167 0
-149 -168 0
-150 -151 0
-150 -152 0
-150 -153 0
-150 -154 0
-150 -155 0
-150 -156 0
-150 -157 0
-150 -158 0
-150 -159 0
-150 -160 0
-150 -161 0
-150 -162 0
-150 -163 0
-150 -164 0
-150 -165 0
-150 -166 0
-150 -167 0
-150 -168 0
-151 -152 0
-151 -153 0
-151 -154 0
-151 -155 0
-151 -156 0
-151 -157 0
-151 -158 0
-151 -159 0
-151 -160 0
-151 -161 0
-151 -162 0
-151 -163 0
-151 -164 0
-151 -165 0
-151 -166 0
-151 -167 0
-151 -168 0
-152 -153 0
-152 -154 0
-152 -155 0
-152 -156 0
-152 -157 0
-152 -158 0
-152 -159 0
-152 -160 0
-152 -161 0
-152 -162 0
-152 -163 0
-152 -164 0
-152 -165 0
-152 -166 0
-152 -167 0
-152 -168 0
-153 -154 0
-153 -155 0
-153 -156 0
-153 -157 0
-153 -158 0
-153 -159 0
-153 -160 0
-153 -161 0
-153 -162 0
-153 -163 0
-153 -164 0
-153 -165 0
-153 -166 0
-153 -167 0
-153 -168 0
-154 -155 0
-154 -156 0
-154 -157 0
-154 -158 0
-154 -159 0
-154 -160 0
-154 -161 0
-154 -162 0
-154 -163 0
-154 -164 0
-154 -165 0
-154 -166 0
-154 -167 0
-154 -168 0
-155 -156 0
-155 -157 0
-155 -158 0
-155 -159 0
-155 -160 0
-155 -161 0
-155 -162 0
-155 -163 0
-155 -164 0
-155 -165 0
-155 -166 0
-155 -167 0
-155 -168 0
-156 -157 0
-156 -158 0
-156 -159 0
-156 -160 0
-156 -161 0
-156 -162 0
-156 -163 0
-156 -164 0
-156 -165 0
-156 -166 0
-156 -167 0
-156 -168 0
-157 -158 0
-157 -159 0
-157 -160 0
-157 -161 0
-157 -162 0
-157 -163 0
-157 -164 0
-157 -165 0
-157 -166 0
-157 -167 0
-157 -168 0
-158 -159 0
-158 -160 0
-158 -161 0
-158 -162 0
-158 -163 0
-158 -164 0
-158 -165 0
-158 -166 0
-158 -167 0
-158 -168 0
-159 -160 0
-159 -161 0
-159 -162 0
-159 -163 0
-159 -164 0
-159 -165 0
-159 -166 0
-159 -167 0
-159 -168 0
-160 -161 0
-160 -162 0
-160 -163 0
-160 -164 0
-160 -165 0
-160 -166 0
-160 -167 0
-160 -168 0
-161 -162 0
-161 -163 0
-161 -164 0
-161 -165 0
-161 -166 0
-161 -167 0
-161 -168 0
-162 -163 0
-162 -164 0
-162 -165 0
-162 -166 0
-162 -167 0
-162 -168 0
-163 -164 0
-163 -165 0
-163 -166 0
-163 -167 0
-163 -168 0
-164 -165 0
-164 -166 0
-164 -167 0
-164 -168 0
-165 -166 0
-165 -167 0
-165 -168 0
-166 -167 0
-166 -168 0
-167 -168 0
-1 -90 -129 169 0
1 -169 0
90 -169 0
129 -169 0
-85 -132 -3 170 0
85 -170 0
132 -170 0
3 -170 0
-127 -6 -87 171 0
127 -171 0
6 -171 0
87 -171 0
-7 -102 -93 172 0
7 -172 0
102 -172 0
93 -172 0
-97 -96 -9 173 0
97 -173 0
96 -173 0
9 -173 0
-91 -12 -99 174 0
91 -174 0
12 -174 0
99 -174 0
-19 -60 -111 175 0
19 -175 0
60 -175 0
111 -175 0
-55 -114 -21 176 0
55 -176 0
114 -176 0
21 -176 0
-109 -24 -57 177 0
109 -177 0
24 -177 0
57 -177 0
-13 -144 -51 178 0
13 -178 0
144 -178 0
51 -178 0
-139 -54 -15 179 0
139 -179 0
54 -179 0
15 -179 0
-49 -18 -141 180 0
49 -180 0
18 -180 0
141 -180 0
-25 -66 -135 181 0
25 -181 0
66 -181 0
135 -181 0
-61 -138 -27 182 0
61 -182 0
138 -182 0
27 -182 0
-133 -30 -63 183 0
133 -183 0
30 -183 0
63 -183 0
-31 -120 -69 184 0
31 -184 0
120 -184 0
69 -184 0
-115 -72 -33 185 0
115 -185 0
72 -185 0
33 -185 0
-67 -36 -117 186 0
67 -186 0
36 -186 0
117 -186 0
-43 -84 -105 187 0
43 -187 0
84 -187 0
105 -187 0
-79 -108 -45 188 0
79 -188 0
108 -188 0
45 -188 0
-103 -48 -81 189 0
103 -189 0
48 -189 0
81 -189 0
-37 -126 -75 190 0
37 -190 0
126 -190 0
75 -190 0
-121 -78 -39 191 0
121 -191 0
78 -191 0
39 -191 0
-73 -42 -123 192 0
73 -192 0
42 -192 0
123 -192 0
169 170 171 172 173 174 175 176 177 178 179 180 181 182 183 184 185 186 187 188 189 190 191 192 0
-169 -170 0
-169 -171 0
-169 -172 0
-169 -173 0
-169 -174 0
-169 -175 0
-169 -176 0
-169 -177 0
-169 -178 0
-169 -179 0
-169 -180 0
-169 -181 0
-169 -182 0
-169 -183 0
-169 -184 0
-169 -185 0
-169 -186 0
-169 -187 0
-169 -188 0
-169 -189 0
-169 -190 0
-169 -191 0
-169 -192 0
-170 -171 0
-170 -172 0
-170 -173 0
-170 -174 0
-170 -175 0
-170 -176 0
-170 -177 0
-170 -178 0
-170 -179 0
-170 -180 0
-170 -181 0
-170 -182 0
-170 -183 0
-170 -184 0
-170 -185 0
-170 -186 0
-170 -187 0
-170 -188 0
-170 -189 0
-170 -190 0
-170 -191 0
-170 -192 0
-171 -172 0
-171 -173 0
-171 -174 0
-171 -175 0
-171 -176 0
-171 -177 0
-171 -178 0
-171 -179 0
-171 -180 0
-171 -181 0
-171 -182 0
-171 -183 0
-171 -184 0
-171 -185 0
-171 -186 0
-171 -187 0
-171 -188 0
-171 -189 0
-171 -190 0
-171 -191 0
-171 -192 0
-172 -173 0
-172 -174 0
-172 -175 0
-172 -176 0
-172 -177 0
-172 -178 0
-172 -179 0
-172 -180 0
-172 -181 0
-172 -182 0
-172 -183 0
-172 -184 0
-172 -185 0
-172 -186 0
-172 -187 0
-172 -188 0
-172 -189 0
-172 -190 0
-172 -191 0
-172 -192 0
-173 -174 0
-173 -175 0
-173 -176 0
-173 -177 0
-173 -178 0
-173 -179 0
-173 -180 0
-173 -181 0
-173 -182 0
-173 -183 0
-173 -184 0
-173 -185 0
-173 -186 0
-173 -187 0
-173 -188 0
-173 -189 0
-173 -190 0
-173 -191 0
-173 -192 0
-174 -175 0
-174 -176 0
-174 -177 0
-174 -178 0
-174 -179 0
-174 -180 0
-174 -181 0
-174 -182 0
-174 -183 0
-174 -184 0
-174 -185 0
-174 -186 0
-174 -187 0
-174 -188 0
-174 -189 0
-174 -190 0
-174 -191 0
-174 -192 0
-175 -176 0
-175 -177 0
-175 -178 0
-175 -179 0
-175 -180 0
-175 -181 0
-175 -182 0
-175 -183 0
-175 -184 0
-175 -185 0
-175 -186 0
-175 -187 0
-175 -188 0
-175 -189 0
-175 -190 0
-175 -191 0
-175 -192 0
-176 -177 0
-176 -178 0
-176 -179 0
-176 -180 0
-176 -181 0
-176 -182 0
-176 -183 0
-176 -184 0
-176 -185 0
-176 -186 0
-176 -187 0
-176 -188 0
-176 -189 0
-176 -190 0
-176 -191 0
-176 -192 0
-177 -178 0
-177 -179 0
-177 -180 0
-177 -181 0
-177 -182 0
-177 -183 0
-177 -184 0
-177 -185 0
-177 -186 0
-177 -187 0
-177 -188 0
-177 -189 0
-177 -190 0
-177 -191 0
-177 -192 0
-178 -179 0
-178 -180 0
-178 -181 0
-178 -182 0
-178 -183 0
-178 -184 0
-178 -185 0
-178 -186 0
-178 -187 0
-178 -188 0
-178 -189 0
-178 -190 0
-178 -191 0
-178 -192 0
-179 -180 0
-179 -181 0
-179 -182 0
-179 -183 0
-179 -184 0
-179 -185 0
-179 -186 0
-179 -187 0
-179 -188 0
-179 -189 0
-179 -190 0
-179 -191 0
-179 -192 0
-180 -181 0
-180 -182 0
-180 -183 0
-180 -184 0
-180 -185 0
-180 -186 0
-180 -187 0
-180 -188 0
-180 -189 0
-180 -190 0
-180 -191 0
-180 -192 0
-181 -182 0
-181 -183 0
-181 -184 0
-181 -185 0
-181 -186 0
-181 -187 0
-181 -188 0
-181 -189 0
-181 -190 0
-181 -191 0
-181 -192 0
-182 -183 0
-182 -184 0
-182 -185 0
-182 -186 0
-182 -187 0
-182 -188 0
-182 -189 0
-182 -190 0
-182 -191 0
-182 -192 0
-183 -184 0
-183 -185 0
-183 -186 0
-183 -187 0
-183 -188 0
-183 -189 0
-183 -190 0
-183 -191 0
-183 -192 0
-184 -185 0
-184 -186 0
-184 -187 0
-184 -188 0
-184 -189 0
-184 -190 0
-184 -191 0
-184 -192 0
-185 -186 0
-185 -187 0
-185 -188 0
-185 -189 0
-185 -190 0
-185 -191 0
-185 -192 0
-186 -187 0
-186 -188 0
-186 -189 0
-186 -190 0
-186 -191 0
-186 -192 0
-187 -188 0
-187 -189 0
-187 -190 0
-187 -191 0
-187 -192 0
-188 -189 0
-188 -190 0
-188 -191 0
-188 -192 0
-189 -190 0
-189 -191 0
-189 -192 0
-190 -191 0
-190 -192 0
-191 -192 0
-1 -87 -131 193 0
1 -193 0
87 -193 0
131 -193 0
-85 -129 -5 194 0
85 -194 0
129 -194 0
5 -194 0
-127 -3 -89 195 0
127 -195 0
3 -195 0
89 -195 0
-7 -99 -95 196 0
7 -196 0
99 -196 0
95 -196 0
-97 -93 -11 197 0
97 -197 0
93 -197 0
11 -197 0
-91 -9 -101 198 0
91 -198 0
9 -198 0
101 -198 0
-19 -57 -113 199 0
19 -199 0
57 -199 0
113 -199 0
-55 -111 -23 200 0
55 -200 0
111 -200 0
23 -200 0
-109 -21 -59 201 0
109 -201 0
21 -201 0
59 -201 0
-13 -141 -53 202 0
13 -202 0
141 -202 0
53 -202 0
-139 -51 -17 203 0
139 -203 0
51 -203 0
17 -203 0
-49 -15 -143 204 0
49 -204 0
15 -204 0
143 -204 0
-25 -63 -137 205 0
25 -205 0
63 -205 0
137 -205 0
-61 -135 -29 206 0
61 -206 0
135 -206 0
29 -206 0
-133 -27 -65 207 0
133 -207 0
27 -207 0
65 -207 0
-31 -117 -71 208 0
31 -208 0
117 -208 0
71 -208 0
-115 -69 -35 209 0
115 -209 0
69 -209 0
35 -209 0
-67 -33 -119 210 0
67 -210 0
33 -210 0
119 -210 0
-43 -81 -107 211 0
43 -211 0
81 -211 0
107 -211 0
-79 -105 -47 212 0
79 -212 0
105 -212 0
47 -212 0
-103 -45 -83 213 0
103 -213 0
45 -213 0
83 -213 0
-37 -123 -77 214 0
37 -214 0
123 -214 0
77 -214 0
-121 -75 -41 215 0
121 -215 0
75 -215 0
41 -215 0
-73 -39 -125 216 0
73 -216 0
39 -216 0
125 -216 0
193 194 195 196 197 198 199 200 201 202 203 204 205 206 207 208 209 210 211 212 213 214 215 216 0
-193 -194 0
-193 -195 0
-193 -196 0
-193 -197 0
-193 -198 0
-193 -199 0
-193 -200 0
-193 -201 0
-193 -202 0
-193 -203 0
-193 -204 0
-193 -205 0
-193 -206 0
-193 -207 0
-193 -208 0
-193 -209 0
-193 -210 0
-193 -211 0
-193 -212 0
-193 -213 0
-193 -214 0
-193 -215 0
-193 -216 0
-194 -195 0
-194 -196 0
-194 -197 0
-194 -198 0
-194 -199 0
-194 -200 0
-194 -201 0
-194 -202 0
-194 -203 0
-194 -204 0
-194 -205 0
-194 -206 0
-194 -207 0
-194 -208 0
-194 -209 0
-194 -210 0
-194 -211 0
-194 -212 0
-194 -213 0
-194 -214 0
-194 -215 0
-194 -216 0
-195 -196 0
-195 -197 0
-195 -198 0
-195 -199 0
-195 -200 0
-195 -201 0
-195 -202 0
-195 -203 0
-195 -204 0
-195 -205 0
-195 -206 0
-195 -207 0
-195 -208 0
-195 -209 0
-195 -210 0
-195 -211 0
-195 -212 0
-195 -213 0
-195 -214 0
-195 -215 0
-195 -216 0
-196 -197 0
-196 -198 0
-196 -199 0
-196 -200 0
-196 -201 0
-196 -202 0
-196 -203 0
-196 -204 0
-196 -205 0
-196 -206 0
-196 -207 0
-196 -208 0
-196 -209 0
-196 -210 0
-196 -211 0
-196 -212 0
-196 -213 0
-196 -214 0
-196 -215 0
-196 -216 0
-197 -198 0
-197 -199 0
-197 -200 0
-197 -201 0
-197 -202 0
-197 -203 0
-197 -204 0
-197 -205 0
-197 -206 0
-197 -207 0
-197 -208 0
-197 -209 0
-197 -210 0
-197 -211 0
-197 -212 0
-197 -213 0
-197 -214 0
-197 -215 0
-197 -216 0
-198 -199 0
-198 -200 0
-198 -201 0
-198 -202 0
-198 -203 0
-198 -204 0
-198 -205 0
-198 -206 0
-198 -207 0
-198 -208 0
-198 -209 0
-198 -210 0
-198 -211 0
-198 -212 0
-198 -213 0
-198 -214 0
-198 -215 0
-198 -216 0
-199 -200 0
-199 -201 0
-199 -202 0
-199 -203 0
-199 -204 0
-199 -205 0
-199 -206 0
-199 -207 0
-199 -208 0
-199 -209 0
-199 -210 0
-199 -211 0
-199 -212 0
-199 -213 0
-199 -214 0
-199 -215 0
-199 -216 0
-200 -201 0
-200 -202 0
-200 -203 0
-200 -204 0
-200 -205 0
-200 -206 0
-200 -207 0
-200 -208 0
-200 -209 0
-200 -210 0
-200 -211 0
-200 -212 0
-200 -213 0
-200 -214 0
-200 -215 0
-200 -216 0
-201 -202 0
-201 -203 0
-201 -204 0
-201 -205 0
-201 -206 0
-201 -207 0
-201 -208 0
-201 -209 0
-201 -210 0
-201 -211 0
-201 -212 0
-201 -213 0
-201 -214 0
-201 -215 0
-201 -216 0
-202 -203 0
-202 -204 0
-202 -205 0
-202 -206 0
-202 -207 0
-202 -208 0
-202 -209 0
-202 -210 0
-202 -211 0
-202 -212 0
-202 -213 0
-202 -214 0
-202 -215 0
-202 -216 0
-203 -204 0
-203 -205 0
-203 -206 0
-203 -207 0
-203 -208 0
-203 -209 0
-203 -210 0
-203 -211 0
-203 -212 0
-203 -213 0
-203 -214 0
-203 -215 0
-203 -216 0
-204 -205 0
-204 -206 0
-204 -207 0
-204 -208 0
-204 -209 0
-204 -210 0
-204 -211 0
-204 -212 0
-204 -213 0
-204 -214 0
-204 -215 0
-204 -216 0
-205 -206 0
-205 -207 0
-205 -208 0
-205 -209 0
-205 -210 0
-205 -211 0
-205 -212 0
-205 -213 0
-205 -214 0
-205 -215 0
-205 -216 0
-206 -207 0
-206 -208 0
-206 -209 0
-206 -210 0
-206 -211 0
-206 -212 0
-206 -213 0
-206 -214 0
-206 -215 0
-206 -216 0
-207 -208 0
-207 -209 0
-207 -210 0
-207 -211 0
-207 -212 0
-207 -213 0
-207 -214 0
-207 -215 0
-207 -216 0
-208 -209 0
-208 -210 0
-208 -211 0
-208 -212 0
-208 -213 0
-208 -214 0
-208 -215 0
-208 -216 0
-209 -210 0
-209 -211 0
-209 -212 0
-209 -213 0
-209 -214 0
-209 -215 0
-209 -216 0
-210 -211 0
-210 -212 0
-210 -213 0
-210 -214 0
-210 -215 0
-210 -216 0
-211 -212 0
-211 -213 0
-211 -214 0
-211 -215 0
-211 -216 0
-212 -213 0
-212 -214 0
-212 -215 0
-212 -216 0
-213 -214 0
-213 -215 0
-213 -216 0
-214 -215 0
-214 -216 0
-215 -216 0
-1 -89 -130 217 0
1 -217 0
89 -217 0
130 -217 0
-85 -131 -4 218 0
85 -218 0
131 -218 0
4 -218 0
-127 -5 -88 219 0
127 -219 0
5 -219 0
88 -219 0
-7 -101 -94 220 0
7 -220 0
101 -220 0
94 -220 0
-97 -95 -10 221 0
97 -221 0
95 -221 0
10 -221 0
-91 -11 -100 222 0
91 -222 0
11 -222 0
100 -222 0
-19 -59 -112 223 0
19 -223 0
59 -223 0
112 -223 0
-55 -113 -22 224 0
55 -224 0
113 -224 0
22 -224 0
-109 -23 -58 225 0
109 -225 0
23 -225 0
58 -225 0
-13 -143 -52 226 0
13 -226 0
143 -226 0
52 -226 0
-139 -53 -16 227 0
139 -227 0
53 -227 0
16 -227 0
-49 -17 -142 228 0
49 -228 0
17 -228 0
142 -228 0
-25 -65 -136 229 0
25 -229 0
65 -229 0
136 -229 0
-61 -137 -28 230 0
61 -230 0
137 -230 0
28 -230 0
-133 -29 -64 231 0
133 -231 0
29 -231 0
64 -231 0
-31 -119 -70 232 0
31 -232 0
119 -232 0
70 -232 0
-115 -71 -34 233 0
115 -233 0
71 -233 0
34 -233 0
-67 -35 -118 234 0
67 -234 0
35 -234 0
118 -234 0
-43 -83 -106 235 0
43 -235 0
83 -235 0
106 -235 0
-79 -107 -46 236 0
79 -236 0
107 -236 0
46 -236 0
-103 -47 -82 237 0
103 -237 0
47 -237 0
82 -237 0
-37 -125 -76 238 0
37 -238 0
125 -238 0
76 -238 0
-121 -77 -40 239 0
121 -239 0
77 -239 0
40 -239 0
-73 -41 -124 240 0
73 -240 0
41 -240 0
124 -240 0
217 218 219 220 221 222 223 224 225 226 227 228 229 230 231 232 233 234 235 236 237 238 239 240 0
-217 -218 0
-217 -219 0
-217 -220 0
-217 -221 0
-217 -222 0
-217 -223 0
-217 -224 0
-217 -225 0
-217 -226 0
-217 -227 0
-217 -228 0
-217 -229 0
-217 -230 0
-217 -231 0
-217 -232 0
-217 -233 0
-217 -234 0
-217 -235 0
-217 -236 0
-217 -237 0
-217 -238 0
-217 -239 0
-217 -240 0
-218 -219 0
-218 -220 0
-218 -221 0
-218 -222 0
-218 -223 0
-218 -224 0
-218 -225 0
-218 -226 0
-218 -227 0
-218 -228 0
-218 -229 0
-218 -230 0
-218 -231 0
-218 -232 0
-218 -233 0
-218 -234 0
-218 -235 0
-218 -236 0
-218 -237 0
-218 -238 0
-218 -239 0
-218 -240 0
-219 -220 0
-219 -221 0
-219 -222 0
-219 -223 0
-219 -224 0
-219 -225 0
-219 -226 0
-219 -227 0
-219 -228 0
-219 -229 0
-219 -230 0
-219 -231 0
-219 -232 0
-219 -233 0
-219 -234 0
-219 -235 0
-219 -236 0
-219 -237 0
-219 -238 0
-219 -239 0
-219 -240 0
-220 -221 0
-220 -222 0
-220 -223 0
-220 -224 0
-220 -225 0
-220 -226 0
-220 -227 0
-220 -228 0
-220 -229 0
-220 -230 0
-220 -231 0
-220 -232 0
-220 -233 0
-220 -234 0
-220 -235 0
-220 -236 0
-220 -237 0
-220 -238 0
-220 -239 0
-220 -240 0
-221 -222 0
-221 -223 0
-221 -224 0
-221 -225 0
-221 -226 0
-221 -227 0
-221 -228 0
-221 -229 0
-221 -230 0
-221 -231 0
-221 -232 0
-221 -233 0
-221 -234 0
-221 -235 0
-221 -236 0
-221 -237 0
-221 -238 0
-221 -239 0
-221 -240 0
-222 -223 0
-222 -224 0
-222 -225 0
-222 -226 0
-222 -227 0
-222 -228 0
-222 -229 0
-222 -230 0
-222 -231 0
-222 -232 0
-222 -233 0
-222 -234 0
-222 -235 0
-222 -236 0
-222 -237 0
-222 -238 0
-222 -239 0
-222 -240 0
-223 -224 0
-223 -225 0
-223 -226 0
-223 -227 0
-223 -228 0
-223 -229 0
-223 -230 0
-223 -231 0
-223 -232 0
-223 -233 0
-223 -234 0
-223 -235 0
-223 -236 0
-223 -237 0
-223 -238 0
-223 -239 0
-223 -240 0
-224 -225 0
-224 -226 0
-224 -227 0
-224 -228 0
-224 -229 0
-224 -230 0
-224 -231 0
-224 -232 0
-224 -233 0
-224 -234 0
-224 -235 0
-224 -236 0
-224 -237 0
-224 -238 0
-224 -239 0
-224 -240 0
-225 -226 0
-225 -227 0
-225 -228 0
-225 -229 0
-225 -230 0
-225 -231 0
-225 -232 0
-225 -233 0
-225 -234 0
-225 -235 0
-225 -236 0
-225 -237 0
-225 -238 0
-225 -239 0
-225 -240 0
-226 -227 0
-226 -228 0
-226 -229 0
-226 -230 0
-226 -231 0
-226 -232 0
-226 -233 0
-226 -234 0
-226 -235 0
-226 -236 0
-226 -237 0
-226 -238 0
-226 -239 0
-226 -240 0
-227 -228 0
-227 -229 0
-227 -230 0
-227 -231 0
-227 -232 0
-227 -233 0
-227 -234 0
-227 -235 0
-227 -236 0
-227 -237 0
-227 -238 0
-227 -239 0
-227 -240 0
-228 -229 0
-228 -230 0
-228 -231 0
-228 -232 0
-228 -233 0
-228 -234 0
-228 -235 0
-228 -236 0
-228 -237 0
-228 -238 0
-228 -239 0
-228 -240 0
-229 -230 0
-229 -231 0
-229 -232 0
-229 -233 0
-229 -234 0
-229 -235 0
-229 -236 0
-229 -237 0
-229 -238 0
-229 -239 0
-229 -240 0
-230 -231 0
-230 -232 0
-230 -233 0
-230 -234 0
-230 -235 0
-230 -236 0
-230 -237 0
-230 -238 0
-230 -239 0
-230 -240 0
-231 -232 0
-231 -233 0
-231 -234 0
-231 -235 0
-231 -236 0
-231 -237 0
-231 -238 0
-231 -239 0
-231 -240 0
-232 -233 0
-232 -234 0
-232 -235 0
-232 -236 0
-232 -237 0
-232 -238 0
-232 -239 0
-232 -240 0
-233 -234 0
-233 -235 0
-233 -236 0
-233 -237 0
-233 -238 0
-233 -239 0
-233 -240 0
-234 -235 0
-234 -236 0
-234 -237 0
-234 -238 0
-234 -239 0
-234 -240 0
-235 -236 0
-235 -237 0
-235 -238 0
-235 -239 0
-235 -240 0
-236 -237 0
-236 -238 0
-236 -239 0
-236 -240 0
-237 -238 0
-237 -239 0
-237 -240 0
-238 -239 0
-238 -240 0
-239 -240 0
-2 -87 -132 241 0
2 -241 0
87 -241 0
132 -241 0
-86 -129 -6 242 0
86 -242 0
129 -242 0
6 -242 0
-128 -3 -90 243 0
128 -243 0
3 -243 0
90 -243 0
-8 -99 -96 244 0
8 -244 0
99 -244 0
96 -244 0
-98 -93 -12 245 0
98 -245 0
93 -245 0
12 -245 0
-92 -9 -102 246 0
92 -246 0
9 -246 0
102 -246 0
-20 -57 -114 247 0
20 -247 0
57 -247 0
114 -247 0
-56 -111 -24 248 0
56 -248 0
111 -248 0
24 -248 0
-110 -21 -60 249 0
110 -249 0
21 -249 0
60 -249 0
-14 -141 -54 250 0
14 -250 0
141 -250 0
54 -250 0
-140 -51 -18 251 0
140 -251 0
51 -251 0
18 -251 0
-50 -15 -144 252 0
50 -252 0
15 -252 0
144 -252 0
-26 -63 -138 253 0
26 -253 0
63 -253 0
138 -253 0
-62 -135 -30 254 0
62 -254 0
135 -254 0
30 -254 0
-134 -27 -66 255 0
134 -255 0
27 -255 0
66 -255 0
-32 -117 -72 256 0
32 -256 0
117 -256 0
72 -256 0
-116 -69 -36 257 0
116 -257 0
69 -257 0
36 -257 0
-68 -33 -120 258 0
68 -258 0
33 -258 0
120 -258 0
-44 -81 -108 259 0
44 -259 0
81 -259 0
108 -259 0
-80 -105 -48 260 0
80 -260 0
105 -260 0
48 -260 0
-104 -45 -84 261 0
104 -261 0
45 -261 0
84 -261 0
-38 -123 -78 262 0
38 -262 0
123 -262 0
78 -262 0
-122 -75 -42 263 0
122 -263 0
75 -263 0
42 -263 0
-74 -39 -126 264 0
74 -264 0
39 -264 0
126 -264 0
241 242 243 244 245 246 247 248 249 250 251 252 253 254 255 256 257 258 259 260 261 262 263 264 0
-241 -242 0
-241 -243 0
-241 -244 0
-241 -245 0
-241 -246 0
-241 -247 0
-241 -248 0
-241 -249 0
-241 -250 0
-241 -251 0
-241 -252 0
-241 -253 0
-241 -254 0
-241 -255 0
-241 -256 0
-241 -257 0
-241 -258 0
-241 -259 0
-241 -260 0
-241 -261 0
-241 -262 0
-241 -263 0
-241 -264 0
-242 -243 0
-242 -244 0
-242 -245 0
-242 -246 0
-242 -247 0
-242 -248 0
-242 -249 0
-242 -250 0
-242 -251 0
-242 -252 0
-242 -253 0
-242 -254 0
-242 -255 0
-242 -256 0
-242 -257 0
-242 -258 0
-242 -259 0
-242 -260 0
-242 -261 0
-242 -262 0
-242 -263 0
-242 -264 0
-243 -244 0
-243 -245 0
-243 -246 0
-243 -247 0
-243 -248 0
-243 -249 0
-243 -250 0
-243 -251 0
-243 -252 0
-243 -253 0
-243 -254 0
-243 -255 0
-243 -256 0
-243 -257 0
-243 -258 0
-243 -259 0
-243 -260 0
-243 -261 0
-243 -262 0
-243 -263 0
-243 -264 0
-244 -245 0
-244 -246 0
-244 -247 0
-244 -248 0
-244 -249 0
-244 -250 0
-244 -251 0
-244 -252 0
-244 -253 0
-244 -254 0
-244 -255 0
-244 -256 0
-244 -257 0
-244 -258 0
-244 -259 0
-244 -260 0
-244 -261 0
-244 -262 0
-244 -263 0
-244 -264 0
-245 -246 0
-245 -247 0
-245 -248 0
-245 -249 0
-245 -250 0
-245 -251 0
-245 -252 0
-245 -253 0
-245 -254 0
-245 -255 0
-245 -256 0
-245 -257 0
-245 -258 0
-245 -259 0
-245 -260 0
-245 -261 0
-245 -262 0
-245 -263 0
-245 -264 0
-246 -247 0
-246 -248 0
-246 -249 0
-246 -250 0
-246 -251 0
-246 -252 0
-246 -253 0
-246 -254 0
-246 -255 0
-246 -256 0
-246 -257 0
-246 -258 0
-246 -259 0
-246 -260 0
-246 -261 0
-246 -262 0
-246 -263 0
-246 -264 0
-247 -248 0
-247 -249 0
-247 -250 0
-247 -251 0
-247 -252 0
-247 -253 0
-247 -254 0
-247 -255 0
-247 -256 0
-247 -257 0
-247 -258 0
-247 -259 0
-247 -260 0
-247 -261 0
-247 -262 0
-247 -263 0
-247 -264 0
-248 -249 0
-248 -250 0
-248 -251 0
-248 -252 0
-248 -253 0
-248 -254 0
-248 -255 0
-248 -256 0
-248 -257 0
-248 -258 0
-248 -259 0
-248 -260 0
-248 -261 0
-248 -262 0
-248 -263 0
-248 -264 0
-249 -250 0
-249 -251 0
-249 -252 0
-249 -253 0
-249 -254 0
-249 -255 0
-249 -256 0
-249 -257 0
-249 -258 0
-249 -259 0
-249 -260 0
-249 -261 0
-249 -262 0
-249 -263 0
-249 -264 0
-250 -251 0
-250 -252 0
-250 -253 0
-250 -254 0
-250 -255 0
-250 -256 0
-250 -257 0
-250 -258 0
-250 -259 0
-250 -260 0
-250 -261 0
-250 -262 0
-250 -263 0
-250 -264 0
-251 -252 0
-251 -253 0
-251 -254 0
-251 -255 0
-251 -256 0
-251 -257 0
-251 -258 0
-251 -259 0
-251 -260 0
-251 -261 0
-251 -262 0
-251 -263 0
-251 -264 0
-252 -253 0
-252 -254 0
-252 -255 0
-252 -256 0
-252 -257 0
-252 -258 0
-252 -259 0
-252 -260 0
-252 -261 0
-252 -262 0
-252 -263 0
-252 -264 0
-253 -254 0
-253 -255 0
-253 -256 0
-253 -257 0
-253 -258 0
-253 -259 0
-253 -260 0
-253 -261 0
-253 -262 0
-253 -263 0
-253 -264 0
-254 -255 0
-254 -256 0
-254 -257 0
-254 -258 0
-254 -259 0
-254 -260 0
-254 -261 0
-254 -262 0
-254 -263 0
-254 -264 0
-255 -256 0
-255 -257 0
-255 -258 0
-255 -259 0
-255 -260 0
-255 -261 0
-255 -262 0
-255 -263 0
-255 -264 0
-256 -257 0
-256 -258 0
-256 -259 0
-256 -260 0
-256 -261 0
-256 -262 0
-256 -263 0
-256 -264 0
-257 -258 0
-257 -259 0
-257 -260 0
-257 -261 0
-257 -262 0
-257 -263 0
-257 -264 0
-258 -259 0
-258 -260 0
-258 -261 0
-258 -262 0
-258 -263 0
-258 -264 0
-259 -260 0
-259 -261 0
-259 -262 0
-259 -263 0
-259 -264 0
-260 -261 0
-260 -262 0
-260 -263 0
-260 -264 0
-261 -262 0
-261 -263 0
-261 -264 0
-262 -263 0
-262 -264 0
-263 -264 0
-2 -90 -130 265 0
2 -265 0
90 -265 0
130 -265 0
-86 -132 -4 266 0
86 -266 0
132 -266 0
4 -266 0
-128 -6 -88 267 0
128 -267 0
6 -267 0
88 -267 0
-8 -102 -94 268 0
8 -268 0
102 -268 0
94 -268 0
-98 -96 -10 269 0
98 -269 0
96 -269 0
10 -269 0
-92 -12 -100 270 0
92 -270 0
12 -270 0
100 -270 0
-20 -60 -112 271 0
20 -271 0
60 -271 0
112 -271 0
-56 -114 -22 272 0
56 -272 0
114 -272 0
22 -272 0
-110 -24 -58 273 0
110 -273 0
24 -273 0
58 -273 0
-14 -144 -52 274 0
14 -274 0
144 -274 0
52 -274 0
-140 -54 -16 275 0
140 -275 0
54 -275 0
16 -275 0
-50 -18 -142 276 0
50 -276 0
18 -276 0
142 -276 0
-26 -66 -136 277 0
26 -277 0
66 -277 0
136 -277 0
-62 -138 -28 278 0
62 -278 0
138 -278 0
28 -278 0
-134 -30 -64 279 0
134 -279 0
30 -279 0
64 -279 0
-32 -120 -70 280 0
32 -280 0
120 -280 0
70 -280 0
-116 -72 -34 281 0
116 -281 0
72 -281 0
34 -281 0
-68 -36 -118 282 0
68 -282 0
36 -282 0
118 -282 0
-44 -84 -106 283 0
44 -283 0
84 -283 0
106 -283 0
-80 -108 -46 284 0
80 -284 0
108 -284 0
46 -284 0
-104 -48 -82 285 0
104 -285 0
48 -285 0
82 -285 0
-38 -126 -76 286 0
38 -286 0
126 -286 0
76 -286 0
-122 -78 -40 287 0
122 -287 0
78 -287 0
40 -287 0
-74 -42 -124 288 0
74 -288 0
42 -288 0
124 -288 0
265 266 267 268 269 270 271 272 273 274 275 276 277 278 279 280 281 282 283 284 285 286 287 288 0
-265 -266 0
-265 -267 0
-265 -268 0
-265 -269 0
-265 -270 0
-265 -271 0
-265 -272 0
-265 -273 0
-265 -274 0
-265 -275 0
-265 -276 0
-265 -277 0
-265 -278 0
-265 -279 0
-265 -280 0
-265 -281 0
-265 -282 0
-265 -283 0
-265 -284 0
-265 -285 0
-265 -286 0
-265 -287 0
-265 -288 0
-266 -267 0
-266 -268 0
-266 -269 0
-266 -270 0
-266 -271 0
-266 -272 0
-266 -273 0
-266 -274 0
-266 -275 0
-266 -276 0
-266 -277 0
-266 -278 0
-266 -279 0
-266 -280 0
-266 -281 0
-266 -282 0
-266 -283 0
-266 -284 0
-266 -285 0
-266 -286 0
-266 -287 0
-266 -288 0
-267 -268 0
-267 -269 0
-267 -270 0
-267 -271 0
-267 -272 0
-267 -273 0
-267 -274 0
-267 -275 0
-267 -276 0
-267 -277 0
-267 -278 0
-267 -279 0
-267 -280 0
-267 -281 0
-267 -282 0
-267 -283 0
-267 -284 0
-267 -285 0
-267 -286 0
-267 -287 0
-267 -288 0
-268 -269 0
-268 -270 0
-268 -271 0
-268 -272 0
-268 -273 0
-268 -274 0
-268 -275 0
-268 -276 0
-268 -277 0
-268 -278 0
-268 -279 0
-268 -280 0
-268 -281 0
-268 -282 0
-268 -283 0
-268 -284 0
-268 -285 0
-268 -286 0
-268 -287 0
-268 -288 0
-269 -270 0
-269 -271 0
-269 -272 0
-269 -273 0
-269 -274 0
-269 -275 0
-269 -276 0
-269 -277 0
-269 -278 0
-269 -279 0
-269 -280 0
-269 -281 0
-269 -282 0
-269 -283 0
-269 -284 0
-269 -285 0
-269 -286 0
-269 -287 0
-269 -288 0
-270 -271 0
-270 -272 0
-270 -273 0
-270 -274 0
-270 -275 0
-270 -276 0
-270 -277 0
-270 -278 0
-270 -279 0
-270 -280 0
-270 -281 0
-270 -282 0
-270 -283 0
-270 -284 0
-270 -285 0
-270 -286 0
-270 -287 0
-270 -288 0
-271 -272 0
-271 -273 0
-271 -274 0
-271 -275 0
-271 -276 0
-271 -277 0
-271 -278 0
-271 -279 0
-271 -280 0
-271 -281 0
-271 -282 0
-271 -283 0
-271 -284 0
-271 -285 0
-271 -286 0
-271 -287 0
-271 -288 0
-272 -273 0
-272 -274 0
-272 -275 0
-272 -276 0
-272 -277 0
-272 -278 0
-272 -279 0
-272 -280 0
-272 -281 0
-272 -282 0
-272 -283 0
-272 -284 0
-272 -285 0
-272 -286 0
-272 -287 0
-272 -288 0
-273 -274 0
-273 -275 0
-273 -276 0
-273 -277 0
-273 -278 0
-273 -279 0
-273 -280 0
-273 -281 0
-273 -282 0
-273 -283 0
-273 -284 0
-273 -285 0
-273 -286 0
-273 -287 0
-273 -288 0
-274 -275 0
-274 -276 0
-274 -277 0
-274 -278 0
-274 -279 0
-274 -280 0
-274 -281 0
-274 -282 0
-274 -283 0
-274 -284 0
-274 -285 0
-274 -286 0
-274 -287 0
-274 -288 0
-275 -276 0
-275 -277 0
-275 -278 0
-275 -279 0
-275 -280 0
-275 -281 0
-275 -282 0
-275 -283 0
-275 -284 0
-275 -285 0
-275 -286 0
-275 -287 0
-275 -288 0
-276 -277 0
-276 -278 0
-276 -279 0
-276 -280 0
-276 -281 0
-276 -282 0
-276 -283 0
-276 -284 0
-276 -285 0
-276 -286 0
-276 -287 0
-276 -288 0
-277 -278 0
-277 -279 0
-277 -280 0
-277 -281 0
-277 -282 0
-277 -283 0
-277 -284 0
-277 -285 0
-277 -286 0
-277 -287 0
-277 -288 0
-278 -279 0
-278 -280 0
-278 -281 0
-278 -282 0
-278 -283 0
-278 -284 0
-278 -285 0
-278 -286 0
-278 -287 0
-278 -288 0
-279 -280 0
-279 -281 0
-279 -282 0
-279 -283 0
-279 -284 0
-279 -285 0
-279 -286 0
-279 -287 0
-279 -288 0
-280 -281 0
-280 -282 0
-280 -283 0
-280 -284 0
-280 -285 0
-280 -286 0
-280 -287 0
-280 -288 0
-281 -282 0
-281 -283 0
-281 -284 0
-281 -285 0
-281 -286 0
-281 -287 0
-281 -288 0
-282 -283 0
-282 -284 0
-282 -285 0
-282 -286 0
-282 -287 0
-282 -288 0
-283 -284 0
-283 -285 0
-283 -286 0
-283 -287 0
-283 -288 0
-284 -285 0
-284 -286 0
-284 -287 0
-284 -288 0
-285 -286 0
-285 -287 0
-285 -288 0
-286 -287 0
-286 -288 0
-287 -288 0
-2 -88 -131 289 0
2 -289 0
88 -289 0
131 -289 0
-86 -130 -5 290 0
86 -290 0
130 -290 0
5 -290 0
-128 -4 -89 291 0
128 -291 0
4 -291 0
89 -291 0
-8 -100 -95 292 0
8 -292 0
100 -292 0
95 -292 0
-98 -94 -11 293 0
98 -293 0
94 -293 0
11 -293 0
-92 -10 -101 294 0
92 -294 0
10 -294 0
101 -294 0
-20 -58 -113 295 0
20 -295 0
58 -295 0
113 -295 0
-56 -112 -23 296 0
56 -296 0
112 -296 0
23 -296 0
-110 -22 -59 297 0
110 -297 0
22 -297 0
59 -297 0
-14 -142 -53 298 0
14 -298 0
142 -298 0
53 -298 0
-140 -52 -17 299 0
140 -299 0
52 -299 0
17 -299 0
-50 -16 -143 300 0
50 -300 0
16 -300 0
143 -300 0
-26 -64 -137 301 0
26 -301 0
64 -301 0
137 -301 0
-62 -136 -29 302 0
62 -302 0
136 -302 0
29 -302 0
-134 -28 -65 303 0
134 -303 0
28 -303 0
65 -303 0
-32 -118 -71 304 0
32 -304 0
118 -304 0
71 -304 0
-116 -70 -35 305 0
116 -305 0
70 -305 0
35 -305 0
-68 -34 -119 306 0
68 -306 0
34 -306 0
119 -306 0
-44 -82 -107 307 0
44 -307 0
82 -307 0
107 -307 0
-80 -106 -47 308 0
80 -308 0
106 -308 0
47 -308 0
-104 -46 -83 309 0
104 -309 0
46 -309 0
83 -309 0
-38 -124 -77 310 0
38 -310 0
124 -310 0
77 -310 0
-122 -76 -41 311 0
122 -311 0
76 -311 0
41 -311 0
-74 -40 -125 312 0
74 -312 0
40 -312 0
125 -312 0
289 290 291 292 293 294 295 296 297 298 299 300 301 302 303 304 305 306 307 308 309 310 311 312 0
-289 -290 0
-289 -291 0
-289 -292 0
-289 -293 0
-289 -294 0
-289 -295 0
-289 -296 0
-289 -297 0
-289 -298 0
-289 -299 0
-289 -300 0
-289 -301 0
-289 -302 0
-289 -303 0
-289 -304 0
-289 -305 0
-289 -306 0
-289 -307 0
-289 -308 0
-289 -309 0
-289 -310 0
-289 -311 0
-289 -312 0
-290 -291 0
-290 -292 0
-290 -293 0
-290 -294 0
-290 -295 0
-290 -296 0
-290 -297 0
-290 -298 0
-290 -299 0
-290 -300 0
-290 -301 0
-290 -302 0
-290 -303 0
-290 -304 0
-290 -305 0
-290 -306 0
-290 -307 0
-290 -308 0
-290 -309 0
-290 -310 0
-290 -311 0
-290 -312 0
-291 -292 0
-291 -293 0
-291 -294 0
-291 -295 0
-291 -296 0
-291 -297 0
-291 -298 0
-291 -299 0
-291 -300 0
-291 -301 0
-291 -302 0
-291 -303 0
-291 -304 0
-291 -305 0
-291 -306 0
-291 -307 0
-291 -308 0
-291 -309 0
-291 -310 0
-291 -311 0
-291 -312 0
-292 -293 0
-292 -294 0
-292 -295 0
-292 -296 0
-292 -297 0
-292 -298 0
-292 -299 0
-292 -300 0
-292 -301 0
-292 -302 0
-292 -303 0
-292 -304 0
-292 -305 0
-292 -306 0
-292 -307 0
-292 -308 0
-292 -309 0
-292 -310 0
-292 -311 0
-292 -312 0
-293 -294 0
-293 -295 0
-293 -296 0
-293 -297 0
-293 -298 0
-293 -299 0
-293 -300 0
-293 -301 0
-293 -302 0
-293 -303 0
-293 -304 0
-293 -305 0
-293 -306 0
-293 -307 0
-293 -308 0
-293 -309 0
-293 -310 0
-293 -311 0
-293 -312 0
-294 -295 0
-294 -296 0
-294 -297 0
-294 -298 0
-294 -299 0
-294 -300 0
-294 -301 0
-294 -302 0
-294 -303 0
-294 -304 0
-294 -305 0
-294 -306 0
-294 -307 0
-294 -308 0
-294 -309 0
-294 -310 0
-294 -311 0
-294 -312 0
-295 -296 0
-295 -297 0
-295 -298 0
-295 -299 0
-295 -300 0
-295 -301 0
-295 -302 0
-295 -303 0
-295 -304 0
-295 -305 0
-295 -306 0
-295 -307 0
-295 -308 0
-295 -309 0
-295 -310 0
-295 -311 0
-295 -312 0
-296 -297 0
-296 -298 0
-296 -299 0
-296 -300 0
-296 -301 0
-296 -302 0
-296 -303 0
-296 -304 0
-296 -305 0
-296 -306 0
-296 -307 0
-296 -308 0
-296 -309 0
-296 -310 0
-296 -311 0
-296 -312 0
-297 -298 0
-297 -299 0
-297 -300 0
-297 -301 0
-297 -302 0
-297 -303 0
-297 -304 0
-297 -305 0
-297 -306 0
-297 -307 0
-297 -308 0
-297 -309 0
-297 -310 0
-297 -311 0
-297 -312 0
-298 -299 0
-298 -300 0
-298 -301 0
-298 -302 0
-298 -303 0
-298 -304 0
-298 -305 0
-298 -306 0
-298 -307 0
-298 -308 0
-298 -309 0
-298 -310 0
-298 -311 0
-298 -312 0
-299 -300 0
-299 -301 0
-299 -302 0
-299 -303 0
-299 -304 0
-299 -305 0
-299 -306 0
-299 -307 0
-299 -308 0
-299 -309 0
-299 -310 0
-299 -311 0
-299 -312 0
-300 -301 0
-300 -302 0
-300 -303 0
-300 -304 0
-300 -305 0
-300 -306 0
-300 -307 0
-300 -308 0
-300 -309 0
-300 -310 0
-300 -311 0
-300 -312 0
-301 -302 0
-301 -303 0
-301 -304 0
-301 -305 0
-301 -306 0
-301 -307 0
-301 -308 0
-301 -309 0
-301 -310 0
-301 -311 0
-301 -312 0
-302 -303 0
-302 -304 0
-302 -305 0
-302 -306 0
-302 -307 0
-302 -308 0
-302 -309 0
-302 -310 0
-302 -311 0
-302 -312 0
-303 -304 0
-303 -305 0
-303 -306 0
-303 -307 0
-303 -308 0
-303 -309 0
-303 -310 0
-303 -311 0
-303 -312 0
-304 -305 0
-304 -306 0
-304 -307 0
-304 -308 0
-304 -309 0
-304 -310 0
-304 -311 0
-304 -312 0
-305 -306 0
-305 -307 0
-305 -308 0
-305 -309 0
-305 -310 0
-305 -311 0
-305 -312 0
-306 -307 0
-306 -308 0
-306 -309 0
-306 -310 0
-306 -311 0
-306 -312 0
-307 -308 0
-307 -309 0
-307 -310 0
-307 -311 0
-307 -312 0
-308 -309 0
-308 -310 0
-308 -311 0
-308 -312 0
-309 -310 0
-309 -311 0
-309 -312 0
-310 -311 0
-310 -312 0
-311 -312 0
-2 -89 -129 313 0
2 -313 0
89 -313 0
129 -313 0
-86 -131 -3 314 0
86 -314 0
131 -314 0
3 -314 0
-128 -5 -87 315 0
128 -315 0
5 -315 0
87 -315 0
-8 -101 -93 316 0
8 -316 0
101 -316 0
93 -316 0
-98 -95 -9 317 0
98 -317 0
95 -317 0
9 -317 0
-92 -11 -99 318 0
92 -318 0
11 -318 0
99 -318 0
-20 -59 -111 319 0
20 -319 0
59 -319 0
111 -319 0
-56 -113 -21 320 0
56 -320 0
113 -320 0
21 -320 0
-110 -23 -57 321 0
110 -321 0
23 -321 0
57 -321 0
-14 -143 -51 322 0
14 -322 0
143 -322 0
51 -322 0
-140 -53 -15 323 0
140 -323 0
53 -323 0
15 -323 0
-50 -17 -141 324 0
50 -324 0
17 -324 0
141 -324 0
-26 -65 -135 325 0
26 -325 0
65 -325 0
135 -325 0
-62 -137 -27 326 0
62 -326 0
137 -326 0
27 -326 0
-134 -29 -63 327 0
134 -327 0
29 -327 0
63 -327 0
-32 -119 -69 328 0
32 -328 0
119 -328 0
69 -328 0
-116 -71 -33 329 0
116 -329 0
71 -329 0
33 -329 0
-68 -35 -117 330 0
68 -330 0
35 -330 0
117 -330 0
-44 -83 -105 331 0
44 -331 0
83 -331 0
105 -331 0
-80 -107 -45 332 0
80 -332 0
107 -332 0
45 -332 0
-104 -47 -81 333 0
104 -333 0
47 -333 0
81 -333 0
-38 -125 -75 334 0
38 -334 0
125 -334 0
75 -334 0
-122 -77 -39 335 0
122 -335 0
77 -335 0
39 -335 0
-74 -41 -123 336 0
74 -336 0
41 -336 0
123 -336 0
313 314 315 316 317 318 319 320 321 322 323 324 325 326 327 328 329 330 331 332 333 334 335 336 0
-313 -314 0
-313 -315 0
-313 -316 0
-313 -317 0
-313 -318 0
-313 -319 0
-313 -320 0
-313 -321 0
-313 -322 0
-313 -323 0
-313 -324 0
-313 -325 0
-313 -326 0
-313 -327 0
-313 -328 0
-313 -329 0
-313 -330 0
-313 -331 0
-313 -332 0
-313 -333 0
-313 -334 0
-313 -335 0
-313 -336 0
-314 -315 0
-314 -316 0
-314 -317 0
-314 -318 0
-314 -319 0
-314 -320 0
-314 -321 0
-314 -322 0
-314 -323 0
-314 -324 0
-314 -325 0
-314 -326 0
-314 -327 0
-314 -328 0
-314 -329 0
-314 -330 0
-314 -331 0
-314 -332 0
-314 -333 0
-314 -334 0
-314 -335 0
-314 -336 0
-315 -316 0
-315 -317 0
-315 -318 0
-315 -319 0
-315 -320 0
-315 -321 0
-315 -322 0
-315 -323 0
-315 -324 0
-315 -325 0
-315 -326 0
-315 -327 0
-315 -328 0
-315 -329 0
-315 -330 0
-315 -331 0
-315 -332 0
-315 -333 0
-315 -334 0
-315 -335 0
-315 -336 0
-316 -317 0
-316 -318 0
-316 -319 0
-316 -320 0
-316 -321 0
-316 -322 0
-316 -323 0
-316 -324 0
-316 -325 0
-316 -326 0
-316 -327 0
-316 -328 0
-316 -329 0
-316 -330 0
-316 -331 0
-316 -332 0
-316 -333 0
-316 -334 0
-316 -335 0
-316 -336 0
-317 -318 0
-317 -319 0
-317 -320 0
-317 -321 0
-317 -322 0
-317 -323 0
-317 -324 0
-317 -325 0
-317 -326 0
-317 -327 0
-317 -328 0
-317 -329 0
-317 -330 0
-317 -331 0
-317 -332 0
-317 -333 0
-317 -334 0
-317 -335 0
-317 -336 0
-318 -319 0
-318 -320 0
-318 -321 0
-318 -322 0
-318 -323 0
-318 -324 0
-318 -325 0
-318 -326 0
-318 -327 0
-318 -328 0
-318 -329 0
-318 -330 0
-318 -331 0
-318 -332 0
-318 -333 0
-318 -334 0
-318 -335 0
-318 -336 0
-319 -320 0
-319 -321 0
-319 -322 0
-319 -323 0
-319 -324 0
-319 -325 0
-319 -326 0
-319 -327 0
-319 -328 0
-319 -329 0
-319 -330 0
-319 -331 0
-319 -332 0
-319 -333 0
-319 -334 0
-319 -335 0
-319 -336 0
-320 -321 0
-320 -322 0
-320 -323 0
-320 -324 0
-320 -325 0
-320 -326 0
-320 -327 0
-320 -328 0
-320 -329 0
-320 -330 0
-320 -331 0
-320 -332 0
-320 -333 0
-320 -334 0
-320 -335 0
-320 -336 0
-321 -322 0
-321 -323 0
-321 -324 0
-321 -325 0
-321 -326 0
-321 -327 0
-321 -328 0
-321 -329 0
-321 -330 0
-321 -331 0
-321 -332 0
-321 -333 0
-321 -334 0
-321 -335 0
-321 -336 0
-322 -323 0
-322 -324 0
-322 -325 0
-322 -326 0
-322 -327 0
-322 -328 0
-322 -329 0
-322 -330 0
-322 -331 0
-322 -332 0
-322 -333 0
-322 -334 0
-322 -335 0
-322 -336 0
-323 -324 0
-323 -325 0
-323 -326 0
-323 -327 0
-323 -328 0
-323 -329 0
-323 -330 0
-323 -331 0
-323 -332 0
-323 -333 0
-323 -334 0
-323 -335 0
-323 -336 0
-324 -325 0
-324 -326 0
-324 -327 0
-324 -328 0
-324 -329 0
-324 -330 0
-324 -331 0
-324 -332 0
-324 -333 0
-324 -334 0
-324 -335 0
-324 -336 0
-325 -326 0
-325 -327 0
-325 -328 0
-325 -329 0
-325 -330 0
-325 -331 0
-325 -332 0
-325 -333 0
-325 -334 0
-325 -335 0
-325 -336 0
-326 -327 0
-326 -328 0
-326 -329 0
-326 -330 0
-326 -331 0
-326 -332 0
-326 -333 0
-326 -334 0
-326 -335 0
-326 -336 0
-327 -328 0
-327 -329 0
-327 -330 0
-327 -331 0
-327 -332 0
-327 -333 0
-327 -334 0
-327 -335 0
-327 -336 0
-328 -329 0
-328 -330 0
-328 -331 0
-328 -332 0
-328 -333 0
-328 -334 0
-328 -335 0
-328 -336 0
-329 -330 0
-329 -331 0
-329 -332 0
-329 -333 0
-329 -334 0
-329 -335 0
-329 -336 0
-330 -331 0
-330 -332 0
-330 -333 0
-330 -334 0
-330 -335 0
-330 -336 0
-331 -332 0
-331 -333 0
-331 -334 0
-331 -335 0
-331 -336 0
-332 -333 0
-332 -334 0
-332 -335 0
-332 -336 0
-333 -334 0
-333 -335 0
-333 -336 0
-334 -335 0
-334 -336 0
-335 -336 0
